  15000101        -1         0      9100
  15000401        -1         0      9100
  15000701        -1         0      9100
  15001001        -1         0      9100
  15010101        -1         0      9100
  15010401        -1         0      9100
  15010701        -1         0      9100
  15011001        -1         0      9100
  15020101        -1         0      9100
  15020401        -1         0      9100
  15020701        -1         0      9100
  15021001        -1         0      9100
  15030101        -1         0      9100
  15030401        -1         0      9100
  15030701        -1         0      9100
  15031001        -1         0      9100
  15040101        -1         0      9100
  15040401        -1         0      9100
  15040701        -1         0      9100
  15041001        -1         0      9100
  15050101        -1         0      9100
  15050401        -1         0      9100
  15050701        -1         0      9100
  15051001        -1         0      9100
  15060101        -1         0      9100
  15060401        -1         0      9100
  15060701        -1         0      9100
  15061001        -1         0      9100
  15070101        -1         0      9100
  15070401        -1         0      9100
  15070701        -1         0      9100
  15071001        -1         0      9100
  15080101        -1         0      9100
  15080401        -1         0      9100
  15080701        -1         0      9100
  15081001        -1         0      9100
  15090101        -1         0      9100
  15090401        -1         0      9100
  15090701        -1         0      9100
  15091001        -1         0      9100
  15100101        -1         0      9100
  15100401        -1         0      9100
  15100701        -1         0      9100
  15101001        -1         0      9100
  15110101        -1         0      9100
  15110401        -1         0      9100
  15110701        -1         0      9100
  15111001        -1         0      9100
  15120101        -1         0      9100
  15120401        -1         0      9100
  15120701        -1         0      9100
  15121001        -1         0      9100
  15130101        -1         0      9100
  15130401        -1         0      9100
  15130701        -1         0      9100
  15131001        -1         0      9100
  15140101        -1         0      9100
  15140401        -1         0      9100
  15140701        -1         0      9100
  15141001        -1         0      9100
  15150101        -1         0      9100
  15150401        -1         0      9100
  15150701        -1         0      9100
  15151001        -1         0      9100
  15160101        -1         0      9100
  15160401        -1         0      9100
  15160701        -1         0      9100
  15161001        -1         0      9100
  15170101        -1         0      9100
  15170401        -1         0      9100
  15170701        -1         0      9100
  15171001        -1         0      9100
  15180101        -1         0      9100
  15180401        -1         0      9100
  15180701        -1         0      9100
  15181001        -1         0      9100
  15190101        -1         0      9100
  15190401        -1         0      9100
  15190701        -1         0      9100
  15191001        -1         0      9100
  15200101        -1         0      9100
  15200401        -1         0      9100
  15200701        -1         0      9100
  15201001        -1         0      9100
  15210101        -1         0      9100
  15210401        -1         0      9100
  15210701        -1         0      9100
  15211001        -1         0      9100
  15220101        -1         0      9100
  15220401        -1         0      9100
  15220701        -1         0      9100
  15221001        -1         0      9100
  15230101        -1         0      9100
  15230401        -1         0      9100
  15230701        -1         0      9100
  15231001        -1         0      9100
  15240101        -1         0      9100
  15240401        -1         0      9100
  15240701        -1         0      9100
  15241001        -1         0      9100
  15250101        -1         0      9100
  15250401        -1         0      9100
  15250701        -1         0      9100
  15251001        -1         0      9100
  15260101        -1         0      9100
  15260401        -1         0      9100
  15260701        -1         0      9100
  15261001        -1         0      9100
  15270101        -1         0      9100
  15270401        -1         0      9100
  15270701        -1         0      9100
  15271001        -1         0      9100
  15280101        -1         0      9100
  15280401        -1         0      9100
  15280701        -1         0      9100
  15281001        -1         0      9100
  15290101        -1         0      9100
  15290401        -1         0      9100
  15290701        -1         0      9100
  15291001        -1         0      9100
  15300101        -1         0      9100
  15300401        -1         0      9100
  15300701        -1         0      9100
  15301001        -1         0      9100
  15310101        -1         0      9100
  15310401        -1         0      9100
  15310701        -1         0      9100
  15311001        -1         0      9100
  15320101        -1         0      9100
  15320401        -1         0      9100
  15320701        -1         0      9100
  15321001        -1         0      9100
  15330101        -1         0      9100
  15330401        -1         0      9100
  15330701        -1         0      9100
  15331001        -1         0      9100
  15340101        -1         0      9100
  15340401        -1         0      9100
  15340701        -1         0      9100
  15341001        -1         0      9100
  15350101        -1         0      9100
  15350401        -1         0      9100
  15350701        -1         0      9100
  15351001        -1         0      9100
  15360101        -1         0      9100
  15360401        -1         0      9100
  15360701        -1         0      9100
  15361001        -1         0      9100
  15370101        -1         0      9100
  15370401        -1         0      9100
  15370701        -1         0      9100
  15371001        -1         0      9100
  15380101        -1         0      9100
  15380401        -1         0      9100
  15380701        -1         0      9100
  15381001        -1         0      9100
  15390101        -1         0      9100
  15390401        -1         0      9100
  15390701        -1         0      9100
  15391001        -1         0      9100
  15400101        -1         0      9100
  15400401        -1         0      9100
  15400701        -1         0      9100
  15401001        -1         0      9100
  15410101        -1         0      9100
  15410401        -1         0      9100
  15410701        -1         0      9100
  15411001        -1         0      9100
  15420101        -1         0      9100
  15420401        -1         0      9100
  15420701        -1         0      9100
  15421001        -1         0      9100
  15430101        -1         0      9100
  15430401        -1         0      9100
  15430701        -1         0      9100
  15431001        -1         0      9100
  15440101        -1         0      9100
  15440401        -1         0      9100
  15440701        -1         0      9100
  15441001        -1         0      9100
  15450101        -1         0      9100
  15450401        -1         0      9100
  15450701        -1         0      9100
  15451001        -1         0      9100
  15460101        -1         0      9100
  15460401        -1         0      9100
  15460701        -1         0      9100
  15461001        -1         0      9100
  15470101        -1         0      9100
  15470401        -1         0      9100
  15470701        -1         0      9100
  15471001        -1         0      9100
  15480101        -1         0      9100
  15480401        -1         0      9100
  15480701        -1         0      9100
  15481001        -1         0      9100
  15490101        -1         0      9100
  15490401        -1         0      9100
  15490701        -1         0      9100
  15491001        -1         0      9100
  15500101        -1         0      9100
  15500401        -1         0      9100
  15500701        -1         0      9100
  15501001        -1         0      9100
  15510101        -1         0      9100
  15510401        -1         0      9100
  15510701        -1         0      9100
  15511001        -1         0      9100
  15520101        -1         0      9100
  15520401        -1         0      9100
  15520701        -1         0      9100
  15521001        -1         0      9100
  15530101        -1         0      9100
  15530401        -1         0      9100
  15530701        -1         0      9100
  15531001        -1         0      9100
  15540101        -1         0      9100
  15540401        -1         0      9100
  15540701        -1         0      9100
  15541001        -1         0      9100
  15550101        -1         0      9100
  15550401        -1         0      9100
  15550701        -1         0      9100
  15551001        -1         0      9100
  15560101        -1         0      9100
  15560401        -1         0      9100
  15560701        -1         0      9100
  15561001        -1         0      9100
  15570101        -1         0      9100
  15570401        -1         0      9100
  15570701        -1         0      9100
  15571001        -1         0      9100
  15580101        -1         0      9100
  15580401        -1         0      9100
  15580701        -1         0      9100
  15581001        -1         0      9100
  15590101        -1         0      9100
  15590401        -1         0      9100
  15590701        -1         0      9100
  15591001        -1         0      9100
  15600101        -1         0      9100
  15600401        -1         0      9100
  15600701        -1         0      9100
  15601001        -1         0      9100
  15610101        -1         0      9100
  15610401        -1         0      9100
  15610701        -1         0      9100
  15611001        -1         0      9100
  15620101        -1         0      9100
  15620401        -1         0      9100
  15620701        -1         0      9100
  15621001        -1         0      9100
  15630101        -1         0      9100
  15630401        -1         0      9100
  15630701        -1         0      9100
  15631001        -1         0      9100
  15640101        -1         0      9100
  15640401        -1         0      9100
  15640701        -1         0      9100
  15641001        -1         0      9100
  15650101        -1         0      9100
  15650401        -1         0      9100
  15650701        -1         0      9100
  15651001        -1         0      9100
  15660101        -1         0      9100
  15660401        -1         0      9100
  15660701        -1         0      9100
  15661001        -1         0      9100
  15670101        -1         0      9100
  15670401        -1         0      9100
  15670701        -1         0      9100
  15671001        -1         0      9100
  15680101        -1         0      9100
  15680401        -1         0      9100
  15680701        -1         0      9100
  15681001        -1         0      9100
  15690101        -1         0      9100
  15690401        -1         0      9100
  15690701        -1         0      9100
  15691001        -1         0      9100
  15700101        -1         0      9100
  15700401        -1         0      9100
  15700701        -1         0      9100
  15701001        -1         0      9100
  15710101        -1         0      9100
  15710401        -1         0      9100
  15710701        -1         0      9100
  15711001        -1         0      9100
  15720101        -1         0      9100
  15720401        -1         0      9100
  15720701        -1         0      9100
  15721001        -1         0      9100
  15730101        -1         0      9100
  15730401        -1         0      9100
  15730701        -1         0      9100
  15731001        -1         0      9100
  15740101        -1         0      9100
  15740401        -1         0      9100
  15740701        -1         0      9100
  15741001        -1         0      9100
  15750101        -1         0      9100
  15750401        -1         0      9100
  15750701        -1         0      9100
  15751001        -1         0      9100
  15760101        -1         0      9100
  15760401        -1         0      9100
  15760701        -1         0      9100
  15761001        -1         0      9100
  15770101        -1         0      9100
  15770401        -1         0      9100
  15770701        -1         0      9100
  15771001        -1         0      9100
  15780101        -1         0      9100
  15780401        -1         0      9100
  15780701        -1         0      9100
  15781001        -1         0      9100
  15790101        -1         0      9100
  15790401        -1         0      9100
  15790701        -1         0      9100
  15791001        -1         0      9100
  15800101        -1         0      9100
  15800401        -1         0      9100
  15800701        -1         0      9100
  15801001        -1         0      9100
  15810101        -1         0      9100
  15810401        -1         0      9100
  15810701        -1         0      9100
  15811001        -1         0      9100
  15820101        -1         0      9100
  15820401        -1         0      9100
  15820701        -1         0      9100
  15821001        -1         0      9100
  15830101        -1         0      9100
  15830401        -1         0      9100
  15830701        -1         0      9100
  15831001        -1         0      9100
  15840101        -1         0      9100
  15840401        -1         0      9100
  15840701        -1         0      9100
  15841001        -1         0      9100
  15850101        -1         0      9100
  15850401        -1         0      9100
  15850701        -1         0      9100
  15851001        -1         0      9100
  15860101        -1         0      9100
  15860401        -1         0      9100
  15860701        -1         0      9100
  15861001        -1         0      9100
  15870101        -1         0      9100
  15870401        -1         0      9100
  15870701        -1         0      9100
  15871001        -1         0      9100
  15880101        -1         0      9100
  15880401        -1         0      9100
  15880701        -1         0      9100
  15881001        -1         0      9100
  15890101        -1         0      9100
  15890401        -1         0      9100
  15890701        -1         0      9100
  15891001        -1         0      9100
  15900101        -1         0      9100
  15900401        -1         0      9100
  15900701        -1         0      9100
  15901001        -1         0      9100
  15910101        -1         0      9100
  15910401        -1         0      9100
  15910701        -1         0      9100
  15911001        -1         0      9100
  15920101        -1         0      9100
  15920401        -1         0      9100
  15920701        -1         0      9100
  15921001        -1         0      9100
  15930101        -1         0      9100
  15930401        -1         0      9100
  15930701        -1         0      9100
  15931001        -1         0      9100
  15940101        -1         0      9100
  15940401        -1         0      9100
  15940701        -1         0      9100
  15941001        -1         0      9100
  15950101        -1         0      9100
  15950401        -1         0      9100
  15950701        -1         0      9100
  15951001        -1         0      9100
  15960101        -1         0      9100
  15960401        -1         0      9100
  15960701        -1         0      9100
  15961001        -1         0      9100
  15970101        -1         0      9100
  15970401        -1         0      9100
  15970701        -1         0      9100
  15971001        -1         0      9100
  15980101        -1         0      9100
  15980401        -1         0      9100
  15980701        -1         0      9100
  15981001        -1         0      9100
  15990101        -1         0      9100
  15990401        -1         0      9100
  15990701        -1         0      9100
  15991001        -1         0      9100
  16000101        -1         0      9100
  16000401        -1         0      9100
  16000701        -1         0      9100
  16001001        -1         0      9100
  16010101        -1         0      9100
  16010401        -1         0      9100
  16010701        -1         0      9100
  16011001        -1         0      9100
  16020101        -1         0      9100
  16020401        -1         0      9100
  16020701        -1         0      9100
  16021001        -1         0      9100
  16030101        -1         0      9100
  16030401        -1         0      9100
  16030701        -1         0      9100
  16031001        -1         0      9100
  16040101        -1         0      9100
  16040401        -1         0      9100
  16040701        -1         0      9100
  16041001        -1         0      9100
  16050101        -1         0      9100
  16050401        -1         0      9100
  16050701        -1         0      9100
  16051001        -1         0      9100
  16060101        -1         0      9100
  16060401        -1         0      9100
  16060701        -1         0      9100
  16061001        -1         0      9100
  16070101        -1         0      9100
  16070401        -1         0      9100
  16070701        -1         0      9100
  16071001        -1         0      9100
  16080101        -1         0      9100
  16080401        -1         0      9100
  16080701        -1         0      9100
  16081001        -1         0      9100
  16090101        -1         0      9100
  16090401        -1         0      9100
  16090701        -1         0      9100
  16091001        -1         0      9100
  16100101        -1         0      9100
  16100401        -1         0      9100
  16100701        -1         0      9100
  16101001        -1         0      9100
  16110101        -1         0      9100
  16110401        -1         0      9100
  16110701        -1         0      9100
  16111001        -1         0      9100
  16120101        -1         0      9100
  16120401        -1         0      9100
  16120701        -1         0      9100
  16121001        -1         0      9100
  16130101        -1         0      9100
  16130401        -1         0      9100
  16130701        -1         0      9100
  16131001        -1         0      9100
  16140101        -1         0      9100
  16140401        -1         0      9100
  16140701        -1         0      9100
  16141001        -1         0      9100
  16150101        -1         0      9100
  16150401        -1         0      9100
  16150701        -1         0      9100
  16151001        -1         0      9100
  16160101        -1         0      9100
  16160401        -1         0      9100
  16160701        -1         0      9100
  16161001        -1         0      9100
  16170101        -1         0      9100
  16170401        -1         0      9100
  16170701        -1         0      9100
  16171001        -1         0      9100
  16180101        -1         0      9100
  16180401        -1         0      9100
  16180701        -1         0      9100
  16181001        -1         0      9100
  16190101        -1         0      9100
  16190401        -1         0      9100
  16190701        -1         0      9100
  16191001        -1         0      9100
  16200101        -1         0      9100
  16200401        -1         0      9100
  16200701        -1         0      9100
  16201001        -1         0      9100
  16210101        -1         0      9100
  16210401        -1         0      9100
  16210701        -1         0      9100
  16211001        -1         0      9100
  16220101        -1         0      9100
  16220401        -1         0      9100
  16220701        -1         0      9100
  16221001        -1         0      9100
  16230101        -1         0      9100
  16230401        -1         0      9100
  16230701        -1         0      9100
  16231001        -1         0      9100
  16240101        -1         0      9100
  16240401        -1         0      9100
  16240701        -1         0      9100
  16241001        -1         0      9100
  16250101        -1         0      9100
  16250401        -1         0      9100
  16250701        -1         0      9100
  16251001        -1         0      9100
  16260101        -1         0      9100
  16260401        -1         0      9100
  16260701        -1         0      9100
  16261001        -1         0      9100
  16270101        -1         0      9100
  16270401        -1         0      9100
  16270701        -1         0      9100
  16271001        -1         0      9100
  16280101        -1         0      9100
  16280401        -1         0      9100
  16280701        -1         0      9100
  16281001        -1         0      9100
  16290101        -1         0      9100
  16290401        -1         0      9100
  16290701        -1         0      9100
  16291001        -1         0      9100
  16300101        -1         0      9100
  16300401        -1         0      9100
  16300701        -1         0      9100
  16301001        -1         0      9100
  16310101        -1         0      9100
  16310401        -1         0      9100
  16310701        -1         0      9100
  16311001        -1         0      9100
  16320101        -1         0      9100
  16320401        -1         0      9100
  16320701        -1         0      9100
  16321001        -1         0      9100
  16330101        -1         0      9100
  16330401        -1         0      9100
  16330701        -1         0      9100
  16331001        -1         0      9100
  16340101        -1         0      9100
  16340401        -1         0      9100
  16340701        -1         0      9100
  16341001        -1         0      9100
  16350101        -1         0      9100
  16350401        -1         0      9100
  16350701        -1         0      9100
  16351001        -1         0      9100
  16360101        -1         0      9100
  16360401        -1         0      9100
  16360701        -1         0      9100
  16361001        -1         0      9100
  16370101        -1         0      9100
  16370401        -1         0      9100
  16370701        -1         0      9100
  16371001        -1         0      9100
  16380101        -1         0      9100
  16380401        -1         0      9100
  16380701        -1         0      9100
  16381001        -1         0      9100
  16390101        -1         0      9100
  16390401        -1         0      9100
  16390701        -1         0      9100
  16391001        -1         0      9100
  16400101        -1         0      9100
  16400401        -1         0      9100
  16400701        -1         0      9100
  16401001        -1         0      9100
  16410101        -1         0      9100
  16410401        -1         0      9100
  16410701        -1         0      9100
  16411001        -1         0      9100
  16420101        -1         0      9100
  16420401        -1         0      9100
  16420701        -1         0      9100
  16421001        -1         0      9100
  16430101        -1         0      9100
  16430401        -1         0      9100
  16430701        -1         0      9100
  16431001        -1         0      9100
  16440101        -1         0      9100
  16440401        -1         0      9100
  16440701        -1         0      9100
  16441001        -1         0      9100
  16450101        -1         0      9100
  16450401        -1         0      9100
  16450701        -1         0      9100
  16451001        -1         0      9100
  16460101        -1         0      9100
  16460401        -1         0      9100
  16460701        -1         0      9100
  16461001        -1         0      9100
  16470101        -1         0      9100
  16470401        -1         0      9100
  16470701        -1         0      9100
  16471001        -1         0      9100
  16480101        -1         0      9100
  16480401        -1         0      9100
  16480701        -1         0      9100
  16481001        -1         0      9100
  16490101        -1         0      9100
  16490401        -1         0      9100
  16490701        -1         0      9100
  16491001        -1         0      9100
  16500101        -1         0      9100
  16500401        -1         0      9100
  16500701        -1         0      9100
  16501001        -1         0      9100
  16510101        -1         0      9100
  16510401        -1         0      9100
  16510701        -1         0      9100
  16511001        -1         0      9100
  16520101        -1         0      9100
  16520401        -1         0      9100
  16520701        -1         0      9100
  16521001        -1         0      9100
  16530101        -1         0      9100
  16530401        -1         0      9100
  16530701        -1         0      9100
  16531001        -1         0      9100
  16540101        -1         0      9100
  16540401        -1         0      9100
  16540701        -1         0      9100
  16541001        -1         0      9100
  16550101        -1         0      9100
  16550401        -1         0      9100
  16550701        -1         0      9100
  16551001        -1         0      9100
  16560101        -1         0      9100
  16560401        -1         0      9100
  16560701        -1         0      9100
  16561001        -1         0      9100
  16570101        -1         0      9100
  16570401        -1         0      9100
  16570701        -1         0      9100
  16571001        -1         0      9100
  16580101        -1         0      9100
  16580401        -1         0      9100
  16580701        -1         0      9100
  16581001        -1         0      9100
  16590101        -1         0      9100
  16590401        -1         0      9100
  16590701        -1         0      9100
  16591001        -1         0      9100
  16600101        -1         0      9100
  16600401        -1         0      9100
  16600701        -1         0      9100
  16601001        -1         0      9100
  16610101        -1         0      9100
  16610401        -1         0      9100
  16610701        -1         0      9100
  16611001        -1         0      9100
  16620101        -1         0      9100
  16620401        -1         0      9100
  16620701        -1         0      9100
  16621001        -1         0      9100
  16630101        -1         0      9100
  16630401        -1         0      9100
  16630701        -1         0      9100
  16631001        -1         0      9100
  16640101        -1         0      9100
  16640401        -1         0      9100
  16640701        -1         0      9100
  16641001        -1         0      9100
  16650101        -1         0      9100
  16650401        -1         0      9100
  16650701        -1         0      9100
  16651001        -1         0      9100
  16660101        -1         0      9100
  16660401        -1         0      9100
  16660701        -1         0      9100
  16661001        -1         0      9100
  16670101        -1         0      9100
  16670401        -1         0      9100
  16670701        -1         0      9100
  16671001        -1         0      9100
  16680101        -1         0      9100
  16680401        -1         0      9100
  16680701        -1         0      9100
  16681001        -1         0      9100
  16690101        -1         0      9100
  16690401        -1         0      9100
  16690701        -1         0      9100
  16691001        -1         0      9100
  16700101        -1         0      9100
  16700401        -1         0      9100
  16700701        -1         0      9100
  16701001        -1         0      9100
  16710101        -1         0      9100
  16710401        -1         0      9100
  16710701        -1         0      9100
  16711001        -1         0      9100
  16720101        -1         0      9100
  16720401        -1         0      9100
  16720701        -1         0      9100
  16721001        -1         0      9100
  16730101        -1         0      9100
  16730401        -1         0      9100
  16730701        -1         0      9100
  16731001        -1         0      9100
  16740101        -1         0      9100
  16740401        -1         0      9100
  16740701        -1         0      9100
  16741001        -1         0      9100
  16750101        -1         0      9100
  16750401        -1         0      9100
  16750701        -1         0      9100
  16751001        -1         0      9100
  16760101        -1         0      9100
  16760401        -1         0      9100
  16760701        -1         0      9100
  16761001        -1         0      9100
  16770101        -1         0      9100
  16770401        -1         0      9100
  16770701        -1         0      9100
  16771001        -1         0      9100
  16780101        -1         0      9100
  16780401        -1         0      9100
  16780701        -1         0      9100
  16781001        -1         0      9100
  16790101        -1         0      9100
  16790401        -1         0      9100
  16790701        -1         0      9100
  16791001        -1         0      9100
  16800101        -1         0      9100
  16800401        -1         0      9100
  16800701        -1         0      9100
  16801001        -1         0      9100
  16810101        -1         0      9100
  16810401        -1         0      9100
  16810701        -1         0      9100
  16811001        -1         0      9100
  16820101        -1         0      9100
  16820401        -1         0      9100
  16820701        -1         0      9100
  16821001        -1         0      9100
  16830101        -1         0      9100
  16830401        -1         0      9100
  16830701        -1         0      9100
  16831001        -1         0      9100
  16840101        -1         0      9100
  16840401        -1         0      9100
  16840701        -1         0      9100
  16841001        -1         0      9100
  16850101        -1         0      9100
  16850401        -1         0      9100
  16850701        -1         0      9100
  16851001        -1         0      9100
  16860101        -1         0      9100
  16860401        -1         0      9100
  16860701        -1         0      9100
  16861001        -1         0      9100
  16870101        -1         0      9100
  16870401        -1         0      9100
  16870701        -1         0      9100
  16871001        -1         0      9100
  16880101        -1         0      9100
  16880401        -1         0      9100
  16880701        -1         0      9100
  16881001        -1         0      9100
  16890101        -1         0      9100
  16890401        -1         0      9100
  16890701        -1         0      9100
  16891001        -1         0      9100
  16900101        -1         0      9100
  16900401        -1         0      9100
  16900701        -1         0      9100
  16901001        -1         0      9100
  16910101        -1         0      9100
  16910401        -1         0      9100
  16910701        -1         0      9100
  16911001        -1         0      9100
  16920101        -1         0      9100
  16920401        -1         0      9100
  16920701        -1         0      9100
  16921001        -1         0      9100
  16930101        -1         0      9100
  16930401        -1         0      9100
  16930701        -1         0      9100
  16931001        -1         0      9100
  16940101        -1         0      9100
  16940401        -1         0      9100
  16940701        -1         0      9100
  16941001        -1         0      9100
  16950101        -1         0      9100
  16950401        -1         0      9100
  16950701        -1         0      9100
  16951001        -1         0      9100
  16960101        -1         0      9100
  16960401        -1         0      9100
  16960701        -1         0      9100
  16961001        -1         0      9100
  16970101        -1         0      9100
  16970401        -1         0      9100
  16970701        -1         0      9100
  16971001        -1         0      9100
  16980101        -1         0      9100
  16980401        -1         0      9100
  16980701        -1         0      9100
  16981001        -1         0      9100
  16990101        -1         0      9100
  16990401        -1         0      9100
  16990701        -1         0      9100
  16991001        -1         0      9100
  17000101        -1         0      9100
  17000401        -1         0      9100
  17000701        -1         0      9100
  17001001        -1         0      9100
  17010101        -1         0      9100
  17010401        -1         0      9100
  17010701        -1         0      9100
  17011001        -1         0      9100
  17020101        -1         0      9100
  17020401        -1         0      9100
  17020701        -1         0      9100
  17021001        -1         0      9100
  17030101        -1         0      9100
  17030401        -1         0      9100
  17030701        -1         0      9100
  17031001        -1         0      9100
  17040101        -1         0      9100
  17040401        -1         0      9100
  17040701        -1         0      9100
  17041001        -1         0      9100
  17050101        -1         0      9100
  17050401        -1         0      9100
  17050701        -1         0      9100
  17051001        -1         0      9100
  17060101        -1         0      9100
  17060401        -1         0      9100
  17060701        -1         0      9100
  17061001        -1         0      9100
  17070101        -1         0      9100
  17070401        -1         0      9100
  17070701        -1         0      9100
  17071001        -1         0      9100
  17080101        -1         0      9100
  17080401        -1         0      9100
  17080701        -1         0      9100
  17081001        -1         0      9100
  17090101        -1         0      9100
  17090401        -1         0      9100
  17090701        -1         0      9100
  17091001        -1         0      9100
  17100101        -1         0      9100
  17100401        -1         0      9100
  17100701        -1         0      9100
  17101001        -1         0      9100
  17110101        -1         0      9100
  17110401        -1         0      9100
  17110701        -1         0      9100
  17111001        -1         0      9100
  17120101        -1         0      9100
  17120401        -1         0      9100
  17120701        -1         0      9100
  17121001        -1         0      9100
  17130101        -1         0      9100
  17130401        -1         0      9100
  17130701        -1         0      9100
  17131001        -1         0      9100
  17140101        -1         0      9100
  17140401        -1         0      9100
  17140701        -1         0      9100
  17141001        -1         0      9100
  17150101        -1         0      9100
  17150401        -1         0      9100
  17150701        -1         0      9100
  17151001        -1         0      9100
  17160101        -1         0      9100
  17160401        -1         0      9100
  17160701        -1         0      9100
  17161001        -1         0      9100
  17170101        -1         0      9100
  17170401        -1         0      9100
  17170701        -1         0      9100
  17171001        -1         0      9100
  17180101        -1         0      9100
  17180401        -1         0      9100
  17180701        -1         0      9100
  17181001        -1         0      9100
  17190101        -1         0      9100
  17190401        -1         0      9100
  17190701        -1         0      9100
  17191001        -1         0      9100
  17200101        -1         0      9100
  17200401        -1         0      9100
  17200701        -1         0      9100
  17201001        -1         0      9100
  17210101        -1         0      9100
  17210401        -1         0      9100
  17210701        -1         0      9100
  17211001        -1         0      9100
  17220101        -1         0      9100
  17220401        -1         0      9100
  17220701        -1         0      9100
  17221001        -1         0      9100
  17230101        -1         0      9100
  17230401        -1         0      9100
  17230701        -1         0      9100
  17231001        -1         0      9100
  17240101        -1         0      9100
  17240401        -1         0      9100
  17240701        -1         0      9100
  17241001        -1         0      9100
  17250101        -1         0      9100
  17250401        -1         0      9100
  17250701        -1         0      9100
  17251001        -1         0      9100
  17260101        -1         0      9100
  17260401        -1         0      9100
  17260701        -1         0      9100
  17261001        -1         0      9100
  17270101        -1         0      9100
  17270401        -1         0      9100
  17270701        -1         0      9100
  17271001        -1         0      9100
  17280101        -1         0      9100
  17280401        -1         0      9100
  17280701        -1         0      9100
  17281001        -1         0      9100
  17290101        -1         0      9100
  17290401        -1         0      9100
  17290701        -1         0      9100
  17291001        -1         0      9100
  17300101        -1         0      9100
  17300401        -1         0      9100
  17300701        -1         0      9100
  17301001        -1         0      9100
  17310101        -1         0      9100
  17310401        -1         0      9100
  17310701        -1         0      9100
  17311001        -1         0      9100
  17320101        -1         0      9100
  17320401        -1         0      9100
  17320701        -1         0      9100
  17321001        -1         0      9100
  17330101        -1         0      9100
  17330401        -1         0      9100
  17330701        -1         0      9100
  17331001        -1         0      9100
  17340101        -1         0      9100
  17340401        -1         0      9100
  17340701        -1         0      9100
  17341001        -1         0      9100
  17350101        -1         0      9100
  17350401        -1         0      9100
  17350701        -1         0      9100
  17351001        -1         0      9100
  17360101        -1         0      9100
  17360401        -1         0      9100
  17360701        -1         0      9100
  17361001        -1         0      9100
  17370101        -1         0      9100
  17370401        -1         0      9100
  17370701        -1         0      9100
  17371001        -1         0      9100
  17380101        -1         0      9100
  17380401        -1         0      9100
  17380701        -1         0      9100
  17381001        -1         0      9100
  17390101        -1         0      9100
  17390401        -1         0      9100
  17390701        -1         0      9100
  17391001        -1         0      9100
  17400101        -1         0      9100
  17400401        -1         0      9100
  17400701        -1         0      9100
  17401001        -1         0      9100
  17410101        -1         0      9100
  17410401        -1         0      9100
  17410701        -1         0      9100
  17411001        -1         0      9100
  17420101        -1         0      9100
  17420401        -1         0      9100
  17420701        -1         0      9100
  17421001        -1         0      9100
  17430101        -1         0      9100
  17430401        -1         0      9100
  17430701        -1         0      9100
  17431001        -1         0      9100
  17440101        -1         0      9100
  17440401        -1         0      9100
  17440701        -1         0      9100
  17441001        -1         0      9100
  17450101        -1         0      9100
  17450401        -1         0      9100
  17450701        -1         0      9100
  17451001        -1         0      9100
  17460101        -1         0      9100
  17460401        -1         0      9100
  17460701        -1         0      9100
  17461001        -1         0      9100
  17470101        -1         0      9100
  17470401        -1         0      9100
  17470701        -1         0      9100
  17471001        -1         0      9100
  17480101        -1         0      9100
  17480401        -1         0      9100
  17480701        -1         0      9100
  17481001        -1         0      9100
  17490101        -1         0      9100
  17490401        -1         0      9100
  17490701        -1         0      9100
  17491001        -1         0      9100
  17500101        -1         0      9100
  17500401        -1         0      9100
  17500701        -1         0      9100
  17501001        -1         0      9100
  17510101        -1         0      9100
  17510401        -1         0      9100
  17510701        -1         0      9100
  17511001        -1         0      9100
  17520101        -1         0      9100
  17520401        -1         0      9100
  17520701        -1         0      9100
  17521001        -1         0      9100
  17530101        -1         0      9100
  17530401        -1         0      9100
  17530701        -1         0      9100
  17531001        -1         0      9100
  17540101        -1         0      9100
  17540401        -1         0      9100
  17540701        -1         0      9100
  17541001        -1         0      9100
  17550101        -1         0      9100
  17550401        -1         0      9100
  17550701        -1         0      9100
  17551001        -1         0      9100
  17560101        -1         0      9100
  17560401        -1         0      9100
  17560701        -1         0      9100
  17561001        -1         0      9100
  17570101        -1         0      9100
  17570401        -1         0      9100
  17570701        -1         0      9100
  17571001        -1         0      9100
  17580101        -1         0      9100
  17580401        -1         0      9100
  17580701        -1         0      9100
  17581001        -1         0      9100
  17590101        -1         0      9100
  17590401        -1         0      9100
  17590701        -1         0      9100
  17591001        -1         0      9100
  17600101        -1         0      9100
  17600401        -1         0      9100
  17600701        -1         0      9100
  17601001        -1         0      9100
  17610101        -1         0      9100
  17610401        -1         0      9100
  17610701        -1         0      9100
  17611001        -1         0      9100
  17620101        -1         0      9100
  17620401        -1         0      9100
  17620701        -1         0      9100
  17621001        -1         0      9100
  17630101        -1         0      9100
  17630401        -1         0      9100
  17630701        -1         0      9100
  17631001        -1         0      9100
  17640101        -1         0      9100
  17640401        -1         0      9100
  17640701        -1         0      9100
  17641001        -1         0      9100
  17650101        -1         0      9100
  17650401        -1         0      9100
  17650701        -1         0      9100
  17651001        -1         0      9100
  17660101        -1         0      9100
  17660401        -1         0      9100
  17660701        -1         0      9100
  17661001        -1         0      9100
  17670101        -1         0      9100
  17670401        -1         0      9100
  17670701        -1         0      9100
  17671001        -1         0      9100
  17680101        -1         0      9100
  17680401        -1         0      9100
  17680701        -1         0      9100
  17681001        -1         0      9100
  17690101        -1         0      9100
  17690401        -1         0      9100
  17690701        -1         0      9100
  17691001        -1         0      9100
  17700101        -1         0      9100
  17700401        -1         0      9100
  17700701        -1         0      9100
  17701001        -1         0      9100
  17710101        -1         0      9100
  17710401        -1         0      9100
  17710701        -1         0      9100
  17711001        -1         0      9100
  17720101        -1         0      9100
  17720401        -1         0      9100
  17720701        -1         0      9100
  17721001        -1         0      9100
  17730101        -1         0      9100
  17730401        -1         0      9100
  17730701        -1         0      9100
  17731001        -1         0      9100
  17740101        -1         0      9100
  17740401        -1         0      9100
  17740701        -1         0      9100
  17741001        -1         0      9100
  17750101        -1         0      9100
  17750401        -1         0      9100
  17750701        -1         0      9100
  17751001        -1         0      9100
  17760101        -1         0      9100
  17760401        -1         0      9100
  17760701        -1         0      9100
  17761001        -1         0      9100
  17770101        -1         0      9100
  17770401        -1         0      9100
  17770701        -1         0      9100
  17771001        -1         0      9100
  17780101        -1         0      9100
  17780401        -1         0      9100
  17780701        -1         0      9100
  17781001        -1         0      9100
  17790101        -1         0      9100
  17790401        -1         0      9100
  17790701        -1         0      9100
  17791001        -1         0      9100
  17800101        -1         0      9100
  17800401        -1         0      9100
  17800701        -1         0      9100
  17801001        -1         0      9100
  17810101        -1         0      9100
  17810401        -1         0      9100
  17810701        -1         0      9100
  17811001        -1         0      9100
  17820101        -1         0      9100
  17820401        -1         0      9100
  17820701        -1         0      9100
  17821001        -1         0      9100
  17830101        -1         0      9100
  17830401        -1         0      9100
  17830701        -1         0      9100
  17831001        -1         0      9100
  17840101        -1         0      9100
  17840401        -1         0      9100
  17840701        -1         0      9100
  17841001        -1         0      9100
  17850101        -1         0      9100
  17850401        -1         0      9100
  17850701        -1         0      9100
  17851001        -1         0      9100
  17860101        -1         0      9100
  17860401        -1         0      9100
  17860701        -1         0      9100
  17861001        -1         0      9100
  17870101        -1         0      9100
  17870401        -1         0      9100
  17870701        -1         0      9100
  17871001        -1         0      9100
  17880101        -1         0      9100
  17880401        -1         0      9100
  17880701        -1         0      9100
  17881001        -1         0      9100
  17890101        -1         0      9100
  17890401        -1         0      9100
  17890701        -1         0      9100
  17891001        -1         0      9100
  17900101        -1         0      9100
  17900401        -1         0      9100
  17900701        -1         0      9100
  17901001        -1         0      9100
  17910101        -1         0      9100
  17910401        -1         0      9100
  17910701        -1         0      9100
  17911001        -1         0      9100
  17920101        -1         0      9100
  17920401        -1         0      9100
  17920701        -1         0      9100
  17921001        -1         0      9100
  17930101        -1         0      9100
  17930401        -1         0      9100
  17930701        -1         0      9100
  17931001        -1         0      9100
  17940101        -1         0      9100
  17940401        -1         0      9100
  17940701        -1         0      9100
  17941001        -1         0      9100
  17950101        -1         0      9100
  17950401        -1         0      9100
  17950701        -1         0      9100
  17951001        -1         0      9100
  17960101        -1         0      9100
  17960401        -1         0      9100
  17960701        -1         0      9100
  17961001        -1         0      9100
  17970101        -1         0      9100
  17970401        -1         0      9100
  17970701        -1         0      9100
  17971001        -1         0      9100
  17980101        -1         0      9100
  17980401        -1         0      9100
  17980701        -1         0      9100
  17981001        -1         0      9100
  17990101        -1         0      9100
  17990401        -1         0      9100
  17990701        -1         0      9100
  17991001        -1         0      9100
  18000101        -1         0      9100
  18000401        -1         0      9100
  18000701        -1         0      9100
  18001001        -1         0      9100
  18010101        -1         0      9100
  18010401        -1         0      9100
  18010701        -1         0      9100
  18011001        -1         0      9100
  18020101        -1         0      9100
  18020401        -1         0      9100
  18020701        -1         0      9100
  18021001        -1         0      9100
  18030101        -1         0      9100
  18030401        -1         0      9100
  18030701        -1         0      9100
  18031001        -1         0      9100
  18040101        -1         0      9100
  18040401        -1         0      9100
  18040701        -1         0      9100
  18041001        -1         0      9100
  18050101        -1         0      9100
  18050401        -1         0      9100
  18050701        -1         0      9100
  18051001        -1         0      9100
  18060101        -1         0      9100
  18060401        -1         0      9100
  18060701        -1         0      9100
  18061001        -1         0      9100
  18070101        -1         0      9100
  18070401        -1         0      9100
  18070701        -1         0      9100
  18071001        -1         0      9100
  18080101        -1         0      9100
  18080401        -1         0      9100
  18080701        -1         0      9100
  18081001        -1         0      9100
  18090101        -1         0      9100
  18090401        -1         0      9100
  18090701        -1         0      9100
  18091001        -1         0      9100
  18100101        -1         0      9100
  18100401        -1         0      9100
  18100701        -1         0      9100
  18101001        -1         0      9100
  18110101        -1         0      9100
  18110401        -1         0      9100
  18110701        -1         0      9100
  18111001        -1         0      9100
  18120101        -1         0      9100
  18120401        -1         0      9100
  18120701        -1         0      9100
  18121001        -1         0      9100
  18130101        -1         0      9100
  18130401        -1         0      9100
  18130701        -1         0      9100
  18131001        -1         0      9100
  18140101        -1         0      9100
  18140401        -1         0      9100
  18140701        -1         0      9100
  18141001        -1         0      9100
  18150101        -1         0      9100
  18150401        -1         0      9100
  18150701        -1         0      9100
  18151001        -1         0      9100
  18160101        -1         0      9100
  18160401        -1         0      9100
  18160701        -1         0      9100
  18161001        -1         0      9100
  18170101        -1         0      9100
  18170401        -1         0      9100
  18170701        -1         0      9100
  18171001        -1         0      9100
  18180101        -1         0      9100
  18180401        -1         0      9100
  18180701        -1         0      9100
  18181001        -1         0      9100
  18190101        -1         0      9100
  18190401        -1         0      9100
  18190701        -1         0      9100
  18191001        -1         0      9100
  18200101        -1         0      9100
  18200401        -1         0      9100
  18200701        -1         0      9100
  18201001        -1         0      9100
  18210101        -1         0      9100
  18210401        -1         0      9100
  18210701        -1         0      9100
  18211001        -1         0      9100
  18220101        -1         0      9100
  18220401        -1         0      9100
  18220701        -1         0      9100
  18221001        -1         0      9100
  18230101        -1         0      9100
  18230401        -1         0      9100
  18230701        -1         0      9100
  18231001        -1         0      9100
  18240101        -1         0      9100
  18240401        -1         0      9100
  18240701        -1         0      9100
  18241001        -1         0      9100
  18250101        -1         0      9100
  18250401        -1         0      9100
  18250701        -1         0      9100
  18251001        -1         0      9100
  18260101        -1         0      9100
  18260401        -1         0      9100
  18260701        -1         0      9100
  18261001        -1         0      9100
  18270101        -1         0      9100
  18270401        -1         0      9100
  18270701        -1         0      9100
  18271001        -1         0      9100
  18280101        -1         0      9100
  18280401        -1         0      9100
  18280701        -1         0      9100
  18281001        -1         0      9100
  18290101        -1         0      9100
  18290401        -1         0      9100
  18290701        -1         0      9100
  18291001        -1         0      9100
  18300101        -1         0      9100
  18300401        -1         0      9100
  18300701        -1         0      9100
  18301001        -1         0      9100
  18310101        -1         0      9100
  18310401        -1         0      9100
  18310701        -1         0      9100
  18311001        -1         0      9100
  18320101        -1         0      9100
  18320401        -1         0      9100
  18320701        -1         0      9100
  18321001        -1         0      9100
  18330101        -1         0      9100
  18330401        -1         0      9100
  18330701        -1         0      9100
  18331001        -1         0      9100
  18340101        -1         0      9100
  18340401        -1         0      9100
  18340701        -1         0      9100
  18341001        -1         0      9100
  18350101        -1         0      9100
  18350401        -1         0      9100
  18350701        -1         0      9100
  18351001        -1         0      9100
  18360101        -1         0      9100
  18360401        -1         0      9100
  18360701        -1         0      9100
  18361001        -1         0      9100
  18370101        -1         0      9100
  18370401        -1         0      9100
  18370701        -1         0      9100
  18371001        -1         0      9100
  18380101        -1         0      9100
  18380401        -1         0      9100
  18380701        -1         0      9100
  18381001        -1         0      9100
  18390101        -1         0      9100
  18390401        -1         0      9100
  18390701        -1         0      9100
  18391001        -1         0      9100
  18400101        -1         0      9100
  18400401        -1         0      9100
  18400701        -1         0      9100
  18401001        -1         0      9100
  18410101        -1         0      9100
  18410401        -1         0      9100
  18410701        -1         0      9100
  18411001        -1         0      9100
  18420101        -1         0      9100
  18420401        -1         0      9100
  18420701        -1         0      9100
  18421001        -1         0      9100
  18430101        -1         0      9100
  18430401        -1         0      9100
  18430701        -1         0      9100
  18431001        -1         0      9100
  18440101        -1         0      9100
  18440401        -1         0      9100
  18440701        -1         0      9100
  18441001        -1         0      9100
  18450101        -1         0      9100
  18450401        -1         0      9100
  18450701        -1         0      9100
  18451001        -1         0      9100
  18460101        -1         0      9100
  18460401        -1         0      9100
  18460701        -1         0      9100
  18461001        -1         0      9100
  18470101        -1         0      9100
  18470401        -1         0      9100
  18470701        -1         0      9100
  18471001        -1         0      9100
  18480101        -1         0      9100
  18480401        -1         0      9100
  18480701        -1         0      9100
  18481001        -1         0      9100
  18490101        -1         0      9100
  18490401        -1         0      9100
  18490701        -1         0      9100
  18491001        -1         0      9100
  18500101        -1         0      9100
  18500401        -1         0      9100
  18500701        -1         0      9100
  18501001        -1         0      9100
  18510101        -1         0      9100
  18510401        -1         0      9100
  18510701        -1         0      9100
  18511001        -1         0      9100
  18520101        -1         0      9100
  18520401        -1         0      9100
  18520701        -1         0      9100
  18521001        -1         0      9100
  18530101        -1         0      9100
  18530401        -1         0      9100
  18530701        -1         0      9100
  18531001        -1         0      9100
  18540101        -1         0      9100
  18540401        -1         0      9100
  18540701        -1         0      9100
  18541001        -1         0      9100
  18550101        -1         0      9100
  18550401        -1         0      9100
  18550701        -1         0      9100
  18551001        -1         0      9100
  18560101        -1         0      9100
  18560401        -1         0      9100
  18560701        -1         0      9100
  18561001        -1         0      9100
  18570101        -1         0      9100
  18570401        -1         0      9100
  18570701        -1         0      9100
  18571001        -1         0      9100
  18580101        -1         0      9100
  18580401        -1         0      9100
  18580701        -1         0      9100
  18581001        -1         0      9100
  18590101        -1         0      9100
  18590401        -1         0      9100
  18590701        -1         0      9100
  18591001        -1         0      9100
  18600101        -1         0      9100
  18600401        -1         0      9100
  18600701        -1         0      9100
  18601001        -1         0      9100
  18610101        -1         0      9100
  18610401        -1         0      9100
  18610701        -1         0      9100
  18611001        -1         0      9100
  18620101        -1         0      9100
  18620401        -1         0      9100
  18620701        -1         0      9100
  18621001        -1         0      9100
  18630101        -1         0      9100
  18630401        -1         0      9100
  18630701        -1         0      9100
  18631001        -1         0      9100
  18640101        -1         0      9100
  18640401        -1         0      9100
  18640701        -1         0      9100
  18641001        -1         0      9100
  18650101        -1         0      9100
  18650401        -1         0      9100
  18650701        -1         0      9100
  18651001        -1         0      9100
  18660101        -1         0      9100
  18660401        -1         0      9100
  18660701        -1         0      9100
  18661001        -1         0      9100
  18670101        -1         0      9100
  18670401        -1         0      9100
  18670701        -1         0      9100
  18671001        -1         0      9100
  18680101        -1         0      9100
  18680401        -1         0      9100
  18680701        -1         0      9100
  18681001        -1         0      9100
  18690101        -1         0      9100
  18690401        -1         0      9100
  18690701        -1         0      9100
  18691001        -1         0      9100
  18700101        -1         0      9100
  18700401        -1         0      9100
  18700701        -1         0      9100
  18701001        -1         0      9100
  18710101        -1         0      9100
  18710401        -1         0      9100
  18710701        -1         0      9100
  18711001        -1         0      9100
  18720101        -1         0      9100
  18720401        -1         0      9100
  18720701        -1         0      9100
  18721001        -1         0      9100
  18730101        -1         0      9100
  18730401        -1         0      9100
  18730701        -1         0      9100
  18731001        -1         0      9100
  18740101        -1         0      9100
  18740401        -1         0      9100
  18740701        -1         0      9100
  18741001        -1         0      9100
  18750101        -1         0      9100
  18750401        -1         0      9100
  18750701        -1         0      9100
  18751001        -1         0      9100
  18760101        -1         0      9100
  18760401        -1         0      9100
  18760701        -1         0      9100
  18761001        -1         0      9100
  18770101        -1         0      9100
  18770401        -1         0      9100
  18770701        -1         0      9100
  18771001        -1         0      9100
  18780101        -1         0      9100
  18780401        -1         0      9100
  18780701        -1         0      9100
  18781001        -1         0      9100
  18790101        -1         0      9100
  18790401        -1         0      9100
  18790701        -1         0      9100
  18791001        -1         0      9100
  18800101        -1         0      9100
  18800401        -1         0      9100
  18800701        -1         0      9100
  18801001        -1         0      9100
  18810101        -1         0      9100
  18810401        -1         0      9100
  18810701        -1         0      9100
  18811001        -1         0      9100
  18820101        -1         0      9100
  18820401        -1         0      9100
  18820701        -1         0      9100
  18821001        -1         0      9100
  18830101        -1         0      9100
  18830401        -1         0      9100
  18830701        -1         0      9100
  18831001        -1         0      9100
  18840101        -1         0      9100
  18840401        -1         0      9100
  18840701        -1         0      9100
  18841001        -1         0      9100
  18850101        -1         0      9100
  18850401        -1         0      9100
  18850701        -1         0      9100
  18851001        -1         0      9100
  18860101        -1         0      9100
  18860401        -1         0      9100
  18860701        -1         0      9100
  18861001        -1         0      9100
  18870101        -1         0      9100
  18870401        -1         0      9100
  18870701        -1         0      9100
  18871001        -1         0      9100
  18880101        -1         0      9100
  18880401        -1         0      9100
  18880701        -1         0      9100
  18881001        -1         0      9100
  18890101        -1         0      9100
  18890401        -1         0      9100
  18890701        -1         0      9100
  18891001        -1         0      9100
  18900101        -1         0      9100
  18900401        -1         0      9100
  18900701        -1         0      9100
  18901001        -1         0      9100
  18910101        -1         0      9100
  18910401        -1         0      9100
  18910701        -1         0      9100
  18911001        -1         0      9100
  18920101        -1         0      9100
  18920401        -1         0      9100
  18920701        -1         0      9100
  18921001        -1         0      9100
  18930101        -1         0      9100
  18930401        -1         0      9100
  18930701        -1         0      9100
  18931001        -1         0      9100
  18940101        -1         0      9100
  18940401        -1         0      9100
  18940701        -1         0      9100
  18941001        -1         0      9100
  18950101        -1         0      9100
  18950401        -1         0      9100
  18950701        -1         0      9100
  18951001        -1         0      9100
  18960101        -1         0      9100
  18960401        -1         0      9100
  18960701        -1         0      9100
  18961001        -1         0      9100
  18970101        -1         0      9100
  18970401        -1         0      9100
  18970701        -1         0      9100
  18971001        -1         0      9100
  18980101        -1         0      9100
  18980401        -1         0      9100
  18980701        -1         0      9100
  18981001        -1         0      9100
  18990101        -1         0      9100
  18990401        -1         0      9100
  18990701        -1         0      9100
  18991001        -1         0      9100
  19000101        -1         0      9100
  19000401        -1         0      9100
  19000701        -1         0      9100
  19001001        -1         0      9100
  19010101        -1         0      9100
  19010401        -1         0      9100
  19010701        -1         0      9100
  19011001        -1         0      9100
  19020101        -1         0      9100
  19020401        -1         0      9100
  19020701        -1         0      9100
  19021001        -1         0      9100
  19030101        -1         0      9100
  19030401        -1         0      9100
  19030701        -1         0      9100
  19031001        -1         0      9100
  19040101        -1         0      9100
  19040401        -1         0      9100
  19040701        -1         0      9100
  19041001        -1         0      9100
  19050101        -1         0      9100
  19050401        -1         0      9100
  19050701        -1         0      9100
  19051001        -1         0      9100
  19060101        -1         0      9100
  19060401        -1         0      9100
  19060701        -1         0      9100
  19061001        -1         0      9100
  19070101        -1         0      9100
  19070401        -1         0      9100
  19070701        -1         0      9100
  19071001        -1         0      9100
  19080101        -1         0      9100
  19080401        -1         0      9100
  19080701        -1         0      9100
  19081001        -1         0      9100
  19090101        -1         0      9100
  19090401        -1         0      9100
  19090701        -1         0      9100
  19091001        -1         0      9100
  19100101        -1         0      9100
  19100401        -1         0      9100
  19100701        -1         0      9100
  19101001        -1         0      9100
  19110101        -1         0      9100
  19110401        -1         0      9100
  19110701        -1         0      9100
  19111001        -1         0      9100
  19120101        -1         0      9100
  19120401        -1         0      9100
  19120701        -1         0      9100
  19121001        -1         0      9100
  19130101        -1         0      9100
  19130401        -1         0      9100
  19130701        -1         0      9100
  19131001        -1         0      9100
  19140101        -1         0      9100
  19140401        -1         0      9100
  19140701        -1         0      9100
  19141001        -1         0      9100
  19150101        -1         0      9100
  19150401        -1         0      9100
  19150701        -1         0      9100
  19151001        -1         0      9100
  19160101        -1         0      9100
  19160401        -1         0      9100
  19160701        -1         0      9100
  19161001        -1         0      9100
  19170101        -1         0      9100
  19170401        -1         0      9100
  19170701        -1         0      9100
  19171001        -1         0      9100
  19180101        -1         0      9100
  19180401        -1         0      9100
  19180701        -1         0      9100
  19181001        -1         0      9100
  19190101        -1         0      9100
  19190401        -1         0      9100
  19190701        -1         0      9100
  19191001        -1         0      9100
  19200101        -1         0      9100
  19200401        -1         0      9100
  19200701        -1         0      9100
  19201001        -1         0      9100
  19210101        -1         0      9100
  19210401        -1         0      9100
  19210701        -1         0      9100
  19211001        -1         0      9100
  19220101        -1         0      9100
  19220401        -1         0      9100
  19220701        -1         0      9100
  19221001        -1         0      9100
  19230101        -1         0      9100
  19230401        -1         0      9100
  19230701        -1         0      9100
  19231001        -1         0      9100
  19240101        -1         0      9100
  19240401        -1         0      9100
  19240701        -1         0      9100
  19241001        -1         0      9100
  19250101        -1         0      9100
  19250401        -1         0      9100
  19250701        -1         0      9100
  19251001        -1         0      9100
  19260101        -1         0      9100
  19260401        -1         0      9100
  19260701        -1         0      9100
  19261001        -1         0      9100
  19270101        -1         0      9100
  19270401        -1         0      9100
  19270701        -1         0      9100
  19271001        -1         0      9100
  19280101        -1         0      9100
  19280401        -1         0      9100
  19280701        -1         0      9100
  19281001        -1         0      9100
  19290101        -1         0      9100
  19290401        -1         0      9100
  19290701        -1         0      9100
  19291001        -1         0      9100
  19300101        -1         0      9100
  19300401        -1         0      9100
  19300701        -1         0      9100
  19301001        -1         0      9100
  19310101        -1         0      9100
  19310401        -1         0      9100
  19310701        -1         0      9100
  19311001        -1         0      9100
  19320101        -1         0      9100
  19320401        -1         0      9100
  19320701        -1         0      9100
  19321001        -1         0      9100
  19330101        -1         0      9100
  19330401        -1         0      9100
  19330701        -1         0      9100
  19331001        -1         0      9100
  19340101        -1         0      9100
  19340401        -1         0      9100
  19340701        -1         0      9100
  19341001        -1         0      9100
  19350101        -1         0      9100
  19350401        -1         0      9100
  19350701        -1         0      9100
  19351001        -1         0      9100
  19360101        -1         0      9100
  19360401        -1         0      9100
  19360701        -1         0      9100
  19361001        -1         0      9100
  19370101        -1         0      9100
  19370401        -1         0      9100
  19370701        -1         0      9100
  19371001        -1         0      9100
  19380101        -1         0      9100
  19380401        -1         0      9100
  19380701        -1         0      9100
  19381001        -1         0      9100
  19390101        -1         0      9100
  19390401        -1         0      9100
  19390701        -1         0      9100
  19391001        -1         0      9100
  19400101        -1         0      9100
  19400401        -1         0      9100
  19400701        -1         0      9100
  19401001        -1         0      9100
  19410101        -1         0      9100
  19410401        -1         0      9100
  19410701        -1         0      9100
  19411001        -1         0      9100
  19420101        -1         0      9100
  19420401        -1         0      9100
  19420701        -1         0      9100
  19421001        -1         0      9100
  19430101        -1         0      9100
  19430401        -1         0      9100
  19430701        -1         0      9100
  19431001        -1         0      9100
  19440101        -1         0      9100
  19440401        -1         0      9100
  19440701        -1         0      9100
  19441001        -1         0      9100
  19450101        -1         0      9100
  19450401        -1         0      9100
  19450701        -1         0      9100
  19451001        -1         0      9100
  19460101        -1         0      9100
  19460401        -1         0      9100
  19460701        -1         0      9100
  19461001        -1         0      9100
  19470101        -1         0      9100
  19470401        -1         0      9100
  19470701        -1         0      9100
  19471001        -1         0      9100
  19480101        -1         0      9100
  19480401        -1         0      9100
  19480701        -1         0      9100
  19481001        -1         0      9100
  19490101        -1         0      9100
  19490401        -1         0      9100
  19490701        -1         0      9100
  19491001        -1         0      9100
  19500101        -1         0      9100
  19500401        -1         0      9100
  19500701        -1         0      9100
  19501001        -1         0      9100
  19510101        -1         0      9100
  19510401        -1         0      9100
  19510701        -1         0      9100
  19511001        -1         0      9100
  19520101        -1         0      9100
  19520401        -1         0      9100
  19520701        -1         0      9100
  19521001        -1         0      9100
  19530101        -1         0      9100
  19530401        -1         0      9100
  19530701        -1         0      9100
  19531001        -1         0      9100
  19540101        -1         0      9100
  19540401        -1         0      9100
  19540701        -1         0      9100
  19541001        -1         0      9100
  19550101        -1         0      9100
  19550401        -1         0      9100
  19550701        -1         0      9100
  19551001        -1         0      9100
  19560101        -1         0      9100
  19560401        -1         0      9100
  19560701        -1         0      9100
  19561001        -1         0      9100
  19570101        -1         0      9100
  19570401        -1         0      9100
  19570701        -1         0      9100
  19571001        -1         0      9100
  19580101        -1         0      9100
  19580401        -1         0      9100
  19580701        -1         0      9100
  19581001        -1         0      9100
  19590101        -1         0      9100
  19590401        -1         0      9100
  19590701        -1         0      9100
  19591001        -1         0      9100
  19600101        -1         0      9100
  19600401        -1         0      9100
  19600701        -1         0      9100
  19601001        -1         0      9100
  19610101        -1         0      9100
  19610401        -1         0      9100
  19610701        -1         0      9100
  19611001        -1         0      9100
  19620101        -1         0      9100
  19620401        -1         0      9100
  19620701        -1         0      9100
  19621001        -1         0      9100
  19630101        -1         0      9100
  19630401        -1         0      9100
  19630701        -1         0      9100
  19631001        -1         0      9100
  19640101        -1         0      9100
  19640401        -1         0      9100
  19640701        -1         0      9100
  19641001        -1         0      9100
  19650101        -1         0      9100
  19650401        -1         0      9100
  19650701        -1         0      9100
  19651001        -1         0      9100
  19660101        -1         0      9100
  19660401        -1         0      9100
  19660701        -1         0      9100
  19661001        -1         0      9100
  19670101        -1         0      9100
  19670401        -1         0      9100
  19670701        -1         0      9100
  19671001        -1         0      9100
  19680101        -1         0      9100
  19680401        -1         0      9100
  19680701        -1         0      9100
  19681001        -1         0      9100
  19690101        -1         0      9100
  19690401        -1         0      9100
  19690701        -1         0      9100
  19691001        -1         0      9100
  19700101        -1         0      9100
  19700401        -1         0      9100
  19700701        -1         0      9100
  19701001        -1         0      9100
  19710101        -1         0      9100
  19710401        -1         0      9100
  19710701        -1         0      9100
  19711001        -1         0      9100
  19720101        -1         0      9100
  19720401        -1         0      9100
  19720701        -1         0      9100
  19721001        -1         0      9100
  19730101        -1         0      9100
  19730401        -1         0      9100
  19730701        -1         0      9100
  19731001        -1         0      9100
  19740101        -1         0      9100
  19740401        -1         0      9100
  19740701        -1         0      9100
  19741001        -1         0      9100
  19750101        -1         0      9100
  19750401        -1         0      9100
  19750701        -1         0      9100
  19751001        -1         0      9100
  19760101        -1         0      9100
  19760401        -1         0      9100
  19760701        -1         0      9100
  19761001        -1         0      9100
  19770101        -1         0      9100
  19770401        -1         0      9100
  19770701        -1         0      9100
  19771001        -1         0      9100
  19780101        -1         0      9100
  19780401        -1         0      9100
  19780701        -1         0      9100
  19781001        -1         0      9100
  19790101        -1         0      9100
  19790401        -1         0      9100
  19790701        -1         0      9100
  19791001        -1         0      9100
  19800101        -1         0      9100
  19800401        -1         0      9100
  19800701        -1         0      9100
  19801001        -1         0      9100
  19810101        -1         0      9100
  19810401        -1         0      9100
  19810701        -1         0      9100
  19811001        -1         0      9100
  19820101        -1         0      9100
  19820401        -1         0      9100
  19820701        -1         0      9100
  19821001        -1         0      9100
  19830101        -1         0      9100
  19830401        -1         0      9100
  19830701        -1         0      9100
  19831001        -1         0      9100
  19840101        -1         0      9100
  19840401        -1         0      9100
  19840701        -1         0      9100
  19841001        -1         0      9100
  19850101        -1         0      9100
  19850401        -1         0      9100
  19850701        -1         0      9100
  19851001        -1         0      9100
  19860101        -1         0      9100
  19860401        -1         0      9100
  19860701        -1         0      9100
  19861001        -1         0      9100
  19870101        -1         0      9100
  19870401        -1         0      9100
  19870701        -1         0      9100
  19871001        -1         0      9100
  19880101        -1         0      9100
  19880401        -1         0      9100
  19880701        -1         0      9100
  19881001        -1         0      9100
  19890101        -1         0      9100
  19890401        -1         0      9100
  19890701        -1         0      9100
  19891001        -1         0      9100
  19900101        -1         0      9100
  19900401        -1         0      9100
  19900701        -1         0      9100
  19901001        -1         0      9100
  19910101        -1         0      9100
  19910401        -1         0      9100
  19910701        -1         0      9100
  19911001        -1         0      9100
  19920101        -1         0      9100
  19920401        -1         0      9100
  19920701        -1         0      9100
  19921001        -1         0      9100
  19930101        -1         0      9100
  19930401        -1         0      9100
  19930701        -1         0      9100
  19931001        -1         0      9100
  19940101        -1         0      9100
  19940401        -1         0      9100
  19940701        -1         0      9100
  19941001        -1         0      9100
  19950101        -1         0      9100
  19950401        -1         0      9100
  19950701        -1         0      9100
  19951001        -1         0      9100
  19960101        -1         0      9100
  19960401        -1         0      9100
  19960701        -1         0      9100
  19961001        -1         0      9100
  19970101        -1         0      9100
  19970401        -1         0      9100
  19970701        -1         0      9100
  19971001        -1         0      9100
  19980101        -1         0      9100
  19980401        -1         0      9100
  19980701        -1         0      9100
  19981001        -1         0      9100
  19990101        -1         0      9100
  19990401        -1         0      9100
  19990701        -1         0      9100
  19991001        -1         0      9100
  20000101        -1         0      9100
  20000401        -1         0      9100
  20000701        -1         0      9100
  20001001        -1         0      9100
  20010101        -1         0      9100
  20010401        -1         0      9100
  20010701        -1         0      9100
  20011001        -1         0      9100
  20020101        -1         0      9100
  20020401        -1         0      9100
  20020701        -1         0      9100
  20021001        -1         0      9100
